[gd_scene load_steps=12 format=2]

[ext_resource path="res://Scenes/View/Scripts/View.gd" type="Script" id=1]
[ext_resource path="res://Scenes/View/Ground/Ground.tscn" type="PackedScene" id=2]
[ext_resource path="res://Scenes/View/Ball/Ball_RB.tscn" type="PackedScene" id=3]
[ext_resource path="res://assets/sprites/objects/doro.png" type="Texture" id=4]
[ext_resource path="res://Scenes/View/NPCs/Pitcher.tscn" type="PackedScene" id=5]
[ext_resource path="res://Scenes/View/UI/Start.tscn" type="PackedScene" id=6]
[ext_resource path="res://assets/models/structures/mario_superstar_baseball_-_mario_stadium/ef62dbc6_png_001.material" type="Material" id=7]
[ext_resource path="res://assets/audio/bgm/gameplay.mp3" type="AudioStream" id=8]

[sub_resource type="ArrayMesh" id=63]
resource_name = "Sketchfab_Scene_Object_62"
surfaces/0 = {
"aabb": AABB( -161.337, -125.805, 1.03584, 328.073, 288.715, 0.201852 ),
"array_data": PoolByteArray( 49, 57, 238, 66, 141, 85, 157, 66, 176, 31, 140, 63, 0, 222, 126, 193, 4, 79, 20, 77, 49, 57, 238, 66, 84, 6, 193, 65, 88, 0, 145, 63, 0, 222, 126, 193, 4, 79, 114, 75, 93, 188, 38, 67, 60, 157, 240, 65, 125, 120, 144, 63, 0, 222, 126, 193, 15, 80, 191, 75, 95, 200, 35, 67, 84, 6, 193, 65, 88, 0, 145, 63, 0, 222, 127, 193, 6, 80, 114, 75, 75, 217, 136, 193, 168, 91, 160, 194, 33, 87, 154, 63, 0, 222, 126, 193, 192, 75, 139, 68, 187, 184, 141, 188, 22, 156, 251, 194, 135, 108, 158, 63, 0, 222, 126, 193, 68, 76, 252, 35, 152, 110, 41, 193, 48, 254, 181, 194, 165, 79, 155, 63, 0, 222, 126, 193, 6, 76, 240, 66, 187, 184, 141, 188, 66, 221, 188, 194, 254, 157, 155, 63, 0, 222, 127, 193, 68, 76, 65, 66, 213, 231, 73, 194, 80, 101, 15, 194, 41, 95, 150, 63, 0, 222, 127, 193, 54, 74, 120, 72, 186, 73, 110, 194, 204, 167, 131, 194, 216, 13, 153, 63, 0, 222, 126, 193, 202, 73, 248, 69, 181, 38, 163, 193, 204, 167, 131, 194, 216, 13, 153, 63, 0, 222, 127, 193, 152, 75, 248, 69, 215, 180, 130, 193, 124, 200, 139, 194, 51, 109, 153, 63, 0, 222, 126, 193, 200, 75, 144, 69, 245, 74, 238, 194, 140, 6, 193, 65, 130, 0, 145, 63, 0, 222, 126, 193, 20, 70, 114, 75, 226, 57, 30, 195, 140, 6, 193, 65, 130, 0, 145, 63, 0, 222, 126, 193, 244, 64, 114, 75, 245, 233, 20, 195, 40, 56, 187, 192, 41, 175, 147, 63, 0, 222, 126, 193, 171, 66, 246, 73, 50, 86, 33, 195, 228, 33, 153, 65, 146, 116, 145, 63, 0, 222, 126, 193, 97, 64, 52, 75, 186, 73, 110, 194, 150, 124, 200, 194, 129, 36, 156, 63, 0, 222, 126, 193, 202, 73, 26, 65, 71, 195, 155, 194, 202, 127, 163, 194, 192, 122, 154, 63, 0, 222, 126, 193, 241, 72, 98, 68, 79, 222, 181, 194, 194, 120, 188, 194, 28, 153, 155, 63, 0, 222, 126, 193, 88, 72, 75, 66, 245, 74, 238, 194, 204, 167, 131, 194, 216, 13, 153, 63, 0, 222, 126, 193, 20, 70, 248, 69, 186, 73, 110, 194, 165, 18, 214, 193, 33, 144, 149, 63, 0, 222, 126, 193, 202, 73, 236, 72, 186, 73, 110, 194, 80, 101, 15, 194, 41, 95, 150, 63, 0, 222, 127, 193, 202, 73, 120, 72, 185, 60, 54, 66, 84, 6, 193, 65, 88, 0, 145, 63, 0, 222, 127, 193, 82, 77, 114, 75, 120, 58, 110, 66, 36, 193, 6, 65, 110, 106, 146, 63, 0, 222, 126, 193, 164, 77, 171, 74, 120, 58, 110, 66, 84, 6, 193, 65, 88, 0, 145, 63, 0, 222, 126, 193, 164, 77, 114, 75, 134, 233, 141, 66, 84, 69, 118, 193, 110, 139, 148, 63, 0, 222, 126, 193, 232, 77, 125, 73, 107, 154, 211, 192, 20, 87, 35, 65, 251, 64, 146, 63, 0, 222, 126, 193, 30, 76, 193, 74, 154, 119, 6, 193, 142, 150, 186, 193, 158, 65, 149, 63, 0, 222, 126, 193, 19, 76, 24, 73, 187, 184, 141, 188, 20, 87, 35, 65, 251, 64, 146, 63, 0, 222, 127, 193, 68, 76, 193, 74, 187, 184, 141, 188, 216, 201, 158, 193, 233, 240, 148, 63, 0, 222, 126, 193, 68, 76, 68, 73, 49, 57, 238, 66, 80, 101, 15, 194, 41, 95, 150, 63, 0, 222, 126, 193, 4, 79, 120, 72, 198, 109, 130, 65, 137, 200, 139, 194, 186, 105, 153, 63, 0, 222, 126, 193, 165, 76, 144, 69, 147, 186, 136, 65, 168, 91, 160, 194, 33, 87, 154, 63, 0, 222, 126, 193, 170, 76, 139, 68, 253, 7, 163, 65, 204, 167, 131, 194, 216, 13, 153, 63, 0, 222, 126, 193, 189, 76, 248, 69, 94, 58, 110, 66, 204, 167, 131, 194, 216, 13, 153, 63, 0, 222, 126, 193, 164, 77, 248, 69, 153, 187, 155, 66, 228, 137, 163, 194, 179, 123, 154, 63, 0, 222, 126, 193, 16, 78, 97, 68, 49, 57, 238, 66, 204, 167, 131, 194, 216, 13, 153, 63, 0, 222, 126, 193, 4, 79, 248, 69, 139, 204, 181, 66, 194, 120, 188, 194, 28, 153, 155, 63, 0, 222, 126, 193, 94, 78, 75, 66, 187, 184, 141, 188, 238, 232, 34, 67, 62, 150, 132, 63, 0, 222, 127, 193, 68, 76, 43, 79, 187, 184, 141, 188, 20, 21, 16, 67, 57, 70, 134, 63, 0, 222, 126, 193, 68, 76, 179, 78, 107, 43, 18, 66, 238, 232, 34, 67, 62, 150, 132, 63, 0, 222, 127, 193, 28, 77, 43, 79, 90, 245, 91, 66, 20, 21, 16, 67, 57, 70, 134, 63, 0, 222, 127, 193, 138, 77, 179, 78, 94, 58, 110, 66, 22, 156, 251, 194, 135, 108, 158, 63, 0, 222, 126, 193, 164, 77, 252, 35, 94, 58, 110, 66, 133, 5, 236, 194, 220, 186, 157, 63, 0, 222, 126, 193, 164, 77, 80, 58, 29, 154, 76, 66, 31, 135, 217, 194, 247, 229, 156, 63, 0, 222, 126, 193, 115, 77, 211, 62, 223, 224, 40, 65, 48, 254, 181, 194, 165, 79, 155, 63, 0, 222, 126, 193, 131, 76, 240, 66, 94, 58, 110, 66, 176, 134, 200, 194, 54, 34, 156, 63, 0, 222, 126, 193, 164, 77, 24, 65, 82, 39, 246, 193, 238, 232, 34, 67, 62, 150, 132, 63, 0, 222, 126, 193, 30, 75, 43, 79, 186, 73, 110, 194, 20, 21, 16, 67, 57, 70, 134, 63, 0, 222, 126, 193, 202, 73, 179, 78, 186, 73, 110, 194, 202, 96, 17, 67, 221, 40, 134, 63, 0, 222, 126, 193, 202, 73, 188, 78, 33, 223, 118, 194, 20, 21, 16, 67, 57, 70, 134, 63, 0, 222, 126, 193, 176, 73, 179, 78, 187, 184, 141, 188, 223, 53, 168, 66, 161, 161, 139, 63, 0, 222, 126, 193, 68, 76, 54, 77, 120, 58, 110, 66, 223, 53, 168, 66, 161, 161, 139, 63, 0, 222, 126, 193, 164, 77, 54, 77, 120, 58, 110, 66, 244, 109, 11, 67, 217, 176, 134, 63, 0, 222, 126, 193, 164, 77, 150, 78, 94, 58, 110, 66, 217, 18, 214, 193, 247, 143, 149, 63, 0, 222, 126, 193, 164, 77, 236, 72, 77, 196, 73, 66, 80, 101, 15, 194, 41, 95, 150, 63, 0, 222, 127, 193, 111, 77, 120, 72, 94, 58, 110, 66, 80, 101, 15, 194, 41, 95, 150, 63, 0, 222, 126, 193, 164, 77, 120, 72, 245, 74, 238, 194, 80, 101, 15, 194, 41, 95, 150, 63, 0, 222, 126, 193, 20, 70, 120, 72, 74, 251, 141, 194, 84, 69, 118, 193, 110, 139, 148, 63, 0, 222, 126, 193, 67, 73, 125, 73, 228, 3, 6, 67, 80, 101, 15, 194, 41, 95, 150, 63, 0, 222, 127, 193, 92, 79, 120, 72, 186, 73, 110, 194, 140, 6, 193, 65, 130, 0, 145, 63, 0, 222, 126, 193, 202, 73, 114, 75, 186, 73, 110, 194, 223, 53, 168, 66, 161, 161, 139, 63, 0, 222, 126, 193, 202, 73, 54, 77, 245, 74, 238, 194, 223, 53, 168, 66, 161, 161, 139, 63, 0, 222, 127, 193, 20, 70, 54, 77, 25, 83, 241, 194, 223, 53, 168, 66, 161, 161, 139, 63, 0, 222, 127, 193, 240, 69, 54, 77, 30, 230, 20, 67, 40, 56, 187, 192, 41, 175, 147, 63, 0, 222, 126, 193, 180, 79, 246, 73, 42, 58, 6, 65, 151, 71, 32, 194, 240, 192, 150, 63, 0, 222, 126, 193, 118, 76, 67, 72, 75, 200, 36, 65, 212, 154, 119, 194, 95, 179, 152, 63, 0, 222, 126, 193, 130, 76, 91, 70, 32, 1, 21, 66, 20, 45, 12, 194, 219, 77, 150, 63, 0, 222, 126, 193, 32, 77, 130, 72, 206, 170, 61, 65, 170, 126, 253, 193, 201, 0, 150, 63, 0, 222, 126, 193, 139, 76, 173, 72, 42, 58, 6, 65, 142, 150, 186, 193, 158, 65, 149, 63, 0, 222, 126, 193, 118, 76, 24, 73, 125, 16, 21, 194, 24, 223, 162, 193, 88, 254, 148, 63, 0, 222, 126, 193, 209, 74, 61, 73, 239, 56, 62, 193, 170, 126, 253, 193, 201, 0, 150, 63, 0, 222, 126, 193, 253, 75, 173, 72, 125, 16, 21, 194, 20, 45, 12, 194, 219, 77, 150, 63, 0, 222, 126, 193, 209, 74, 130, 72, 154, 119, 6, 193, 151, 71, 32, 194, 240, 192, 150, 63, 0, 222, 126, 193, 19, 76, 67, 72, 109, 86, 37, 193, 212, 154, 119, 194, 95, 179, 152, 63, 0, 222, 126, 193, 8, 76, 91, 70, 187, 184, 141, 188, 47, 65, 106, 194, 115, 103, 152, 63, 0, 222, 127, 193, 68, 76, 176, 70, 186, 73, 110, 194, 36, 193, 6, 65, 110, 106, 146, 63, 0, 222, 126, 193, 202, 73, 171, 74, 39, 96, 54, 194, 140, 6, 193, 65, 130, 0, 145, 63, 0, 222, 127, 193, 111, 74, 114, 75, 154, 151, 227, 66, 223, 53, 168, 66, 161, 161, 139, 63, 0, 222, 127, 193, 228, 78, 54, 77, 95, 169, 76, 194, 18, 125, 217, 194, 201, 228, 156, 63, 0, 222, 126, 193, 46, 74, 211, 62, 92, 32, 211, 64, 20, 87, 35, 65, 251, 64, 146, 63, 0, 222, 126, 193, 108, 76, 193, 74, 32, 1, 21, 66, 24, 223, 162, 193, 88, 254, 148, 63, 0, 222, 126, 193, 32, 77, 61, 73, 18, 148, 192, 194, 141, 8, 246, 66, 103, 38, 136, 63, 0, 222, 126, 193, 24, 72, 46, 78, 187, 184, 141, 188, 36, 59, 41, 66, 82, 98, 143, 63, 0, 222, 127, 193, 68, 76, 44, 76, 183, 34, 0, 66, 210, 99, 11, 66, 108, 10, 144, 63, 0, 222, 126, 193, 2, 77, 251, 75, 63, 70, 0, 194, 210, 99, 11, 66, 108, 10, 144, 63, 0, 222, 126, 193, 15, 75, 251, 75, 245, 74, 238, 194, 81, 20, 173, 66, 206, 108, 139, 63, 0, 222, 126, 193, 20, 70, 70, 77, 186, 73, 110, 194, 22, 156, 251, 194, 135, 108, 158, 63, 0, 222, 126, 193, 202, 73, 252, 35, 186, 73, 110, 194, 133, 5, 236, 194, 220, 186, 157, 63, 0, 222, 126, 193, 202, 73, 80, 58, 181, 7, 6, 195, 80, 101, 15, 194, 41, 95, 150, 63, 0, 222, 126, 193, 181, 68, 120, 72, 187, 184, 141, 188, 215, 25, 46, 194, 128, 16, 151, 63, 0, 222, 126, 193, 68, 76, 23, 72, 172, 173, 161, 66, 116, 118, 116, 66, 116, 179, 141, 63, 0, 222, 126, 193, 243, 73, 79, 72, 57, 197, 140, 66, 78, 230, 73, 66, 236, 164, 142, 63, 0, 222, 126, 193, 173, 73, 4, 72, 243, 95, 188, 66, 178, 109, 73, 66, 135, 168, 142, 63, 0, 222, 126, 193, 78, 74, 3, 72, 190, 208, 185, 66, 230, 48, 9, 66, 252, 25, 144, 63, 0, 222, 126, 193, 69, 74, 34, 71, 117, 194, 130, 194, 56, 232, 145, 65, 43, 136, 145, 63, 0, 222, 126, 193, 48, 68, 63, 70, 84, 99, 91, 194, 132, 154, 153, 65, 42, 113, 145, 63, 0, 222, 126, 193, 191, 68, 77, 70, 104, 98, 124, 194, 60, 194, 183, 65, 101, 28, 145, 63, 0, 222, 126, 193, 80, 68, 129, 70, 200, 24, 92, 194, 220, 165, 204, 65, 135, 224, 144, 63, 0, 222, 126, 193, 189, 68, 166, 70, 20, 63, 73, 193, 219, 136, 223, 66, 208, 42, 137, 63, 0, 222, 126, 193, 250, 70, 183, 73, 161, 248, 69, 64, 35, 230, 216, 66, 184, 117, 137, 63, 0, 222, 126, 193, 206, 71, 159, 73, 140, 185, 163, 192, 119, 161, 237, 66, 9, 135, 136, 63, 0, 222, 126, 193, 95, 71, 232, 73, 53, 239, 64, 64, 173, 250, 233, 66, 251, 178, 136, 63, 0, 222, 126, 193, 205, 71, 220, 73, 228, 84, 82, 194, 124, 121, 0, 67, 164, 170, 135, 63, 0, 222, 126, 193, 222, 68, 45, 74, 224, 109, 43, 194, 165, 24, 249, 66, 79, 5, 136, 63, 0, 222, 126, 193, 96, 69, 17, 74, 197, 143, 95, 194, 242, 169, 10, 67, 34, 195, 134, 63, 0, 222, 126, 193, 176, 68, 117, 74, 190, 129, 33, 194, 74, 115, 12, 67, 133, 153, 134, 63, 0, 222, 126, 193, 130, 69, 130, 74, 134, 184, 135, 194, 146, 164, 72, 66, 63, 173, 142, 63, 0, 222, 126, 193, 16, 68, 1, 72, 9, 27, 99, 194, 174, 183, 53, 66, 47, 25, 143, 63, 0, 222, 126, 193, 164, 68, 192, 71, 141, 168, 139, 194, 192, 169, 88, 66, 126, 81, 142, 63, 0, 222, 126, 193, 233, 67, 30, 72, 206, 200, 111, 194, 20, 54, 119, 66, 123, 162, 141, 63, 0, 222, 126, 193, 122, 68, 84, 72, 190, 223, 163, 194, 124, 180, 90, 66, 57, 68, 142, 63, 0, 222, 126, 193, 161, 66, 33, 72, 182, 36, 177, 194, 7, 229, 150, 66, 1, 104, 140, 63, 0, 222, 126, 193, 240, 65, 181, 72, 145, 143, 178, 194, 242, 82, 68, 66, 198, 196, 142, 63, 0, 222, 126, 193, 220, 65, 244, 71, 197, 47, 207, 194, 20, 45, 91, 66, 246, 67, 142, 63, 0, 222, 126, 193, 90, 64, 34, 72, 131, 111, 93, 194, 217, 132, 226, 66, 179, 8, 137, 63, 0, 222, 126, 193, 184, 68, 193, 73, 193, 232, 103, 194, 207, 70, 205, 66, 68, 252, 137, 63, 0, 222, 126, 193, 148, 68, 118, 73, 61, 236, 24, 194, 119, 151, 237, 66, 89, 136, 136, 63, 0, 222, 126, 193, 160, 69, 232, 73, 2, 252, 10, 194, 247, 14, 219, 66, 57, 94, 137, 63, 0, 222, 126, 193, 207, 69, 167, 73, 163, 18, 179, 194, 196, 64, 140, 65, 65, 154, 145, 63, 0, 222, 126, 193, 214, 65, 52, 70, 154, 119, 184, 194, 76, 243, 226, 65, 211, 160, 144, 63, 0, 222, 126, 193, 139, 65, 207, 70, 68, 75, 185, 194, 208, 33, 104, 65, 227, 221, 145, 63, 0, 222, 126, 193, 129, 65, 10, 70, 49, 217, 210, 194, 68, 117, 131, 65, 238, 178, 145, 63, 0, 222, 126, 193, 39, 64, 36, 70, 124, 242, 181, 194, 174, 155, 44, 66, 219, 78, 143, 63, 0, 222, 126, 193, 173, 65, 160, 71, 173, 73, 198, 194, 60, 134, 40, 66, 14, 102, 143, 63, 0, 222, 126, 193, 210, 64, 145, 71, 216, 240, 14, 66, 211, 252, 224, 66, 190, 23, 137, 63, 0, 222, 126, 193, 194, 72, 188, 73, 161, 248, 249, 65, 191, 245, 249, 66, 118, 252, 135, 63, 0, 222, 126, 193, 165, 72, 20, 74, 32, 65, 242, 65, 55, 65, 219, 66, 196, 91, 137, 63, 0, 222, 126, 193, 158, 72, 168, 73, 60, 189, 153, 65, 239, 121, 239, 66, 84, 114, 136, 63, 0, 222, 126, 193, 83, 72, 239, 73, 144, 49, 188, 193, 57, 19, 201, 66, 204, 42, 138, 63, 0, 222, 126, 193, 101, 70, 103, 73, 97, 195, 149, 193, 53, 207, 176, 66, 209, 65, 139, 63, 0, 222, 126, 193, 166, 70, 16, 73, 88, 57, 132, 192, 139, 8, 199, 66, 41, 66, 138, 63, 0, 222, 126, 193, 108, 71, 96, 73, 51, 196, 113, 192, 219, 250, 171, 66, 7, 121, 139, 63, 0, 222, 126, 193, 112, 71, 0, 73, 197, 175, 175, 194, 134, 95, 29, 66, 185, 165, 143, 63, 0, 222, 126, 193, 3, 66, 107, 71, 250, 205, 175, 194, 118, 67, 178, 193, 78, 41, 149, 63, 0, 222, 126, 193, 1, 66, 0, 68, 95, 201, 156, 194, 96, 100, 105, 193, 209, 118, 148, 63, 0, 222, 126, 193, 1, 67, 110, 68, 47, 61, 186, 194, 37, 54, 168, 193, 238, 10, 149, 63, 0, 222, 125, 192, 116, 65, 17, 68, 170, 113, 188, 194, 112, 17, 18, 193, 236, 250, 147, 63, 0, 222, 126, 193, 88, 65, 187, 68, 207, 166, 210, 194, 64, 44, 215, 193, 104, 145, 149, 63, 0, 222, 126, 193, 43, 64, 126, 67, 56, 248, 172, 194, 232, 248, 5, 194, 36, 40, 150, 63, 0, 222, 125, 194, 39, 66, 193, 66, 69, 103, 178, 194, 38, 16, 206, 193, 163, 118, 149, 63, 0, 222, 126, 193, 222, 65, 158, 67, 81, 26, 167, 194, 152, 62, 4, 194, 125, 31, 150, 63, 0, 222, 125, 194, 120, 66, 208, 66, 36, 151, 212, 66, 204, 141, 124, 193, 16, 149, 148, 63, 0, 222, 126, 193, 159, 74, 93, 68, 91, 2, 224, 66, 73, 47, 253, 192, 215, 222, 147, 63, 0, 222, 126, 193, 198, 74, 204, 68, 25, 68, 200, 66, 128, 213, 160, 192, 191, 156, 147, 63, 0, 222, 126, 193, 118, 74, 244, 68, 164, 223, 209, 66, 33, 1, 191, 191, 232, 75, 147, 63, 0, 222, 126, 193, 150, 74, 38, 69, 147, 152, 132, 193, 182, 212, 18, 67, 163, 5, 134, 63, 0, 222, 126, 193, 195, 70, 175, 74, 218, 27, 201, 193, 68, 2, 20, 67, 209, 235, 133, 63, 0, 222, 126, 193, 80, 70, 184, 74, 233, 183, 167, 193, 30, 134, 8, 67, 40, 244, 134, 63, 0, 222, 126, 193, 137, 70, 102, 74, 101, 42, 220, 193, 128, 209, 8, 67, 200, 236, 134, 63, 0, 222, 126, 193, 48, 70, 104, 74, 146, 188, 185, 66, 227, 133, 151, 66, 254, 98, 140, 63, 0, 222, 126, 193, 69, 74, 183, 72, 106, 156, 188, 66, 163, 43, 183, 66, 140, 248, 138, 63, 0, 222, 126, 193, 78, 74, 39, 73, 20, 176, 173, 66, 47, 231, 141, 66, 3, 208, 140, 63, 0, 222, 126, 193, 28, 74, 149, 72, 45, 242, 159, 66, 43, 114, 168, 66, 85, 161, 139, 63, 0, 222, 126, 193, 238, 73, 243, 72, 48, 59, 251, 65, 93, 27, 195, 66, 105, 111, 138, 63, 0, 222, 126, 193, 166, 72, 81, 73, 40, 15, 131, 65, 115, 139, 184, 66, 138, 231, 138, 63, 0, 222, 126, 193, 64, 72, 44, 73, 199, 41, 31, 66, 29, 150, 186, 66, 53, 208, 138, 63, 0, 222, 126, 193, 222, 72, 52, 73, 182, 243, 41, 66, 61, 31, 160, 66, 231, 255, 139, 63, 0, 222, 126, 193, 240, 72, 214, 72, 46, 16, 50, 66, 11, 164, 198, 66, 19, 71, 138, 63, 0, 222, 126, 193, 254, 72, 94, 73, 206, 136, 103, 66, 199, 215, 187, 66, 156, 194, 138, 63, 0, 222, 126, 193, 88, 73, 56, 73, 204, 63, 128, 66, 114, 102, 147, 66, 163, 146, 140, 63, 0, 222, 126, 193, 130, 73, 168, 72, 134, 73, 76, 66, 50, 34, 138, 66, 236, 251, 140, 63, 0, 222, 126, 193, 42, 73, 136, 72, 185, 60, 117, 66, 253, 190, 188, 66, 216, 184, 138, 63, 0, 222, 126, 193, 112, 73, 59, 73, 163, 114, 143, 66, 29, 255, 153, 66, 137, 69, 140, 63, 0, 222, 126, 193, 182, 73, 192, 72, 16, 201, 134, 66, 165, 46, 161, 66, 195, 244, 139, 63, 0, 222, 126, 193, 152, 73, 217, 72, 66, 79, 4, 66, 15, 72, 209, 66, 159, 204, 137, 63, 0, 222, 126, 193, 177, 72, 132, 73, 115, 104, 123, 65, 165, 216, 221, 66, 104, 62, 137, 63, 0, 222, 126, 193, 60, 72, 176, 73, 89, 70, 207, 66, 188, 24, 106, 66, 53, 238, 141, 63, 0, 222, 126, 193, 141, 74, 61, 72, 122, 214, 239, 66, 180, 36, 112, 66, 193, 202, 141, 63, 0, 222, 126, 193, 251, 74, 72, 72, 245, 59, 197, 66, 62, 99, 137, 66, 155, 4, 141, 63, 0, 222, 126, 193, 107, 74, 133, 72, 195, 100, 212, 66, 107, 59, 154, 66, 246, 65, 140, 63, 0, 222, 126, 193, 159, 74, 192, 72, 156, 115, 97, 194, 236, 192, 81, 194, 177, 219, 151, 63, 0, 222, 126, 193, 171, 68, 169, 64, 112, 63, 130, 194, 20, 63, 68, 194, 130, 141, 151, 63, 0, 222, 126, 193, 52, 68, 7, 65, 64, 36, 74, 194, 169, 102, 113, 194, 247, 144, 152, 63, 0, 222, 126, 193, 250, 68, 147, 63, 63, 198, 94, 194, 254, 34, 140, 194, 206, 112, 153, 63, 0, 222, 126, 193, 179, 68, 108, 61, 176, 195, 53, 66, 99, 56, 144, 194, 86, 159, 153, 63, 0, 222, 126, 193, 4, 73, 248, 60, 100, 187, 108, 66, 120, 54, 138, 194, 146, 89, 153, 63, 0, 222, 126, 193, 97, 73, 160, 61, 203, 208, 22, 66, 191, 185, 140, 194, 222, 116, 153, 63, 0, 222, 126, 193, 208, 72, 87, 61, 107, 43, 18, 66, 254, 205, 106, 194, 9, 108, 152, 63, 0, 222, 126, 193, 200, 72, 240, 63, 13, 160, 189, 194, 129, 210, 201, 193, 144, 107, 149, 63, 0, 222, 126, 193, 71, 65, 173, 67, 190, 31, 211, 194, 244, 158, 150, 193, 207, 217, 148, 63, 0, 222, 126, 193, 35, 64, 48, 68, 136, 197, 162, 194, 72, 182, 34, 65, 255, 63, 146, 63, 0, 222, 126, 193, 178, 66, 205, 69, 216, 208, 139, 194, 153, 30, 145, 64, 206, 194, 146, 63, 0, 222, 126, 193, 231, 67, 125, 69, 168, 181, 171, 194, 152, 199, 120, 65, 88, 197, 145, 63, 0, 222, 126, 193, 56, 66, 25, 70, 66, 207, 152, 194, 184, 140, 173, 65, 172, 56, 145, 63, 0, 222, 126, 193, 56, 67, 112, 70, 135, 231, 102, 66, 182, 218, 37, 66, 155, 114, 143, 63, 0, 222, 126, 193, 87, 73, 137, 71, 107, 26, 55, 66, 238, 128, 39, 66, 26, 107, 143, 63, 0, 222, 126, 193, 7, 73, 142, 71, 251, 92, 119, 66, 250, 206, 16, 66, 238, 236, 143, 63, 0, 222, 125, 193, 115, 73, 62, 71, 131, 209, 105, 66, 68, 174, 168, 65, 77, 72, 145, 63, 0, 222, 126, 193, 92, 73, 102, 70, 46, 16, 113, 66, 192, 197, 97, 66, 193, 27, 142, 63, 0, 222, 126, 193, 104, 73, 46, 72, 131, 175, 116, 66, 234, 211, 47, 66, 80, 58, 143, 63, 0, 222, 126, 193, 111, 73, 172, 71, 233, 200, 129, 66, 174, 174, 25, 66, 161, 186, 143, 63, 0, 222, 126, 193, 136, 73, 93, 71, 165, 78, 202, 64, 147, 79, 201, 66, 99, 39, 138, 63, 0, 222, 126, 193, 249, 71, 104, 73, 249, 113, 135, 194, 54, 35, 29, 66, 227, 165, 143, 63, 0, 222, 126, 193, 16, 68, 106, 71, 252, 41, 153, 194, 102, 139, 56, 66, 78, 10, 143, 63, 0, 222, 126, 193, 52, 67, 203, 71, 185, 156, 147, 194, 54, 109, 103, 66, 9, 254, 141, 63, 0, 222, 126, 193, 126, 67, 56, 72, 236, 79, 141, 194, 244, 250, 250, 65, 24, 91, 144, 63, 0, 222, 126, 193, 212, 67, 249, 70, 79, 62, 158, 194, 130, 150, 28, 66, 155, 170, 143, 63, 0, 222, 126, 193, 237, 66, 104, 71, 171, 207, 120, 193, 0, 120, 11, 67, 151, 174, 134, 63, 0, 222, 126, 193, 209, 70, 123, 74, 140, 74, 149, 193, 123, 4, 249, 66, 104, 7, 136, 63, 0, 222, 126, 193, 168, 70, 17, 74, 223, 224, 250, 193, 50, 1, 1, 67, 144, 159, 135, 63, 0, 222, 126, 193, 252, 69, 48, 74, 18, 131, 49, 66, 54, 211, 188, 194, 216, 156, 155, 63, 0, 222, 126, 193, 253, 72, 252, 31, 251, 139, 14, 66, 222, 208, 165, 194, 162, 150, 154, 63, 0, 222, 126, 193, 194, 72, 47, 57, 241, 52, 3, 66, 96, 7, 148, 194, 63, 201, 153, 63, 0, 222, 126, 193, 175, 72, 139, 60, 199, 41, 55, 194, 99, 59, 41, 194, 98, 244, 150, 63, 0, 222, 126, 193, 58, 69, 199, 65, 186, 9, 63, 194, 217, 235, 74, 194, 133, 179, 151, 63, 0, 222, 126, 193, 31, 69, 218, 64, 53, 158, 41, 194, 237, 201, 109, 194, 44, 125, 152, 63, 0, 222, 126, 193, 102, 69, 195, 63, 4, 231, 114, 65, 189, 186, 253, 66, 141, 208, 135, 63, 0, 222, 126, 193, 56, 72, 33, 74, 251, 203, 0, 193, 106, 117, 3, 67, 23, 102, 135, 63, 0, 222, 126, 193, 54, 71, 66, 74, 105, 0, 66, 193, 147, 107, 210, 66, 64, 191, 137, 63, 0, 222, 126, 193, 0, 71, 136, 73, 185, 124, 38, 66, 141, 168, 212, 66, 152, 165, 137, 63, 0, 222, 126, 193, 234, 72, 144, 73, 110, 35, 83, 66, 249, 187, 210, 66, 153, 188, 137, 63, 0, 222, 126, 193, 54, 73, 137, 73, 26, 96, 130, 66, 186, 88, 39, 66, 39, 106, 143, 63, 0, 222, 126, 193, 137, 73, 142, 71, 86, 14, 158, 66, 244, 250, 250, 65, 24, 91, 144, 63, 0, 222, 126, 193, 231, 73, 249, 70, 45, 33, 130, 194, 128, 68, 123, 63, 186, 20, 147, 63, 0, 222, 126, 193, 52, 68, 74, 69, 15, 139, 71, 194, 136, 244, 136, 65, 253, 161, 145, 63, 0, 222, 126, 193, 1, 69, 47, 70, 95, 233, 60, 194, 34, 105, 12, 66, 96, 5, 144, 63, 0, 222, 126, 193, 37, 69, 46, 71, 182, 4, 173, 66, 72, 78, 180, 193, 48, 46, 149, 63, 0, 222, 126, 193, 25, 74, 250, 67, 150, 227, 208, 66, 161, 144, 230, 193, 165, 191, 149, 63, 0, 222, 126, 193, 146, 74, 71, 67, 124, 210, 240, 66, 217, 193, 194, 192, 95, 182, 147, 63, 0, 222, 126, 193, 255, 74, 229, 68, 47, 46, 208, 66, 92, 100, 45, 65, 106, 51, 146, 63, 0, 222, 126, 193, 144, 74, 213, 69, 255, 193, 166, 66, 57, 128, 193, 192, 20, 180, 147, 63, 0, 222, 126, 193, 5, 74, 230, 68, 9, 138, 41, 194, 18, 119, 86, 194, 174, 245, 151, 63, 0, 222, 126, 193, 104, 69, 135, 64, 31, 116, 252, 193, 84, 83, 134, 194, 136, 45, 153, 63, 0, 222, 126, 193, 250, 69, 15, 62, 231, 76, 21, 194, 88, 135, 74, 194, 24, 177, 151, 63, 0, 222, 126, 193, 172, 69, 220, 64, 102, 136, 142, 194, 171, 13, 215, 66, 126, 138, 137, 63, 0, 222, 126, 193, 193, 67, 152, 73, 32, 195, 150, 194, 255, 208, 244, 66, 59, 54, 136, 63, 0, 222, 126, 193, 84, 67, 2, 74, 94, 122, 118, 194, 205, 227, 240, 66, 124, 99, 136, 63, 0, 222, 126, 193, 99, 68, 244, 73, 221, 4, 253, 194, 196, 26, 178, 65, 78, 43, 145, 63, 0, 222, 126, 193, 192, 59, 120, 70, 130, 194, 16, 195, 200, 133, 198, 65, 208, 242, 144, 63, 0, 222, 126, 193, 252, 27, 157, 70, 191, 126, 9, 195, 172, 52, 149, 65, 91, 125, 145, 63, 0, 222, 126, 193, 47, 54, 68, 70, 13, 192, 244, 194, 152, 236, 63, 65, 93, 23, 146, 63, 0, 222, 126, 193, 188, 60, 230, 69, 237, 30, 249, 194, 48, 104, 1, 64, 64, 252, 146, 63, 0, 222, 126, 193, 71, 60, 89, 69, 230, 223, 231, 194, 24, 74, 153, 65, 109, 115, 145, 63, 0, 222, 126, 193, 23, 62, 76, 70, 207, 166, 210, 194, 144, 186, 159, 65, 32, 98, 145, 63, 0, 222, 126, 193, 43, 64, 88, 70, 154, 119, 247, 194, 28, 92, 209, 65, 250, 209, 144, 63, 0, 222, 125, 194, 116, 60, 176, 70, 35, 10, 229, 194, 240, 91, 2, 66, 12, 63, 144, 63, 0, 222, 126, 193, 100, 62, 11, 71, 0, 49, 247, 194, 64, 42, 4, 66, 13, 53, 144, 63, 0, 222, 126, 193, 124, 60, 16, 71, 254, 148, 11, 195, 98, 40, 45, 66, 35, 74, 143, 63, 0, 222, 126, 193, 111, 52, 161, 71, 209, 34, 3, 195, 74, 239, 7, 66, 50, 31, 144, 63, 0, 222, 126, 193, 200, 57, 30, 71, 11, 53, 246, 194, 230, 85, 46, 66, 204, 66, 143, 63, 0, 222, 126, 193, 147, 60, 166, 71, 179, 123, 196, 192, 130, 58, 23, 67, 14, 160, 133, 63, 0, 222, 126, 193, 80, 71, 206, 74, 175, 20, 233, 193, 122, 5, 30, 67, 163, 4, 133, 63, 0, 222, 126, 193, 26, 70, 255, 74, 205, 187, 239, 65, 247, 228, 165, 194, 175, 149, 154, 63, 0, 222, 126, 193, 156, 72, 39, 57, 211, 77, 201, 65, 79, 231, 141, 194, 98, 131, 153, 63, 0, 222, 126, 193, 124, 72, 56, 61, 130, 115, 184, 65, 108, 26, 176, 194, 28, 10, 155, 63, 0, 222, 126, 193, 109, 72, 208, 53, 220, 215, 222, 193, 161, 126, 238, 66, 107, 126, 136, 63, 0, 222, 126, 193, 44, 70, 236, 73, 105, 15, 142, 194, 166, 0, 143, 66, 194, 195, 140, 63, 0, 222, 126, 193, 201, 67, 153, 72, 122, 229, 6, 195, 12, 207, 223, 65, 109, 170, 144, 63, 0, 222, 126, 193, 47, 56, 201, 70, 105, 192, 191, 194, 33, 175, 135, 63, 106, 19, 147, 63, 0, 222, 126, 193, 41, 65, 75, 69 ),
"array_index_data": PoolByteArray( 0, 0, 2, 0, 1, 0, 2, 0, 3, 0, 1, 0, 4, 0, 6, 0, 5, 0, 6, 0, 7, 0, 5, 0, 8, 0, 10, 0, 9, 0, 10, 0, 11, 0, 9, 0, 12, 0, 14, 0, 13, 0, 14, 0, 15, 0, 13, 0, 16, 0, 18, 0, 17, 0, 18, 0, 19, 0, 17, 0, 20, 0, 8, 0, 21, 0, 8, 0, 9, 0, 21, 0, 22, 0, 24, 0, 23, 0, 24, 0, 25, 0, 23, 0, 26, 0, 28, 0, 27, 0, 28, 0, 29, 0, 27, 0, 24, 0, 1, 0, 25, 0, 1, 0, 30, 0, 25, 0, 31, 0, 33, 0, 32, 0, 33, 0, 34, 0, 32, 0, 34, 0, 36, 0, 35, 0, 36, 0, 37, 0, 35, 0, 38, 0, 40, 0, 39, 0, 40, 0, 41, 0, 39, 0, 42, 0, 44, 0, 43, 0, 5, 0, 44, 0, 42, 0, 5, 0, 45, 0, 44, 0, 7, 0, 45, 0, 5, 0, 35, 0, 46, 0, 34, 0, 37, 0, 46, 0, 35, 0, 37, 0, 44, 0, 46, 0, 43, 0, 44, 0, 37, 0, 39, 0, 47, 0, 38, 0, 48, 0, 47, 0, 39, 0, 48, 0, 49, 0, 47, 0, 50, 0, 49, 0, 48, 0, 51, 0, 53, 0, 52, 0, 39, 0, 53, 0, 51, 0, 39, 0, 41, 0, 53, 0, 54, 0, 56, 0, 55, 0, 25, 0, 56, 0, 54, 0, 25, 0, 30, 0, 56, 0, 32, 0, 44, 0, 45, 0, 34, 0, 44, 0, 32, 0, 34, 0, 46, 0, 44, 0, 17, 0, 9, 0, 16, 0, 19, 0, 9, 0, 17, 0, 19, 0, 21, 0, 9, 0, 57, 0, 21, 0, 19, 0, 57, 0, 20, 0, 21, 0, 12, 0, 20, 0, 57, 0, 12, 0, 58, 0, 20, 0, 55, 0, 34, 0, 33, 0, 56, 0, 34, 0, 55, 0, 56, 0, 36, 0, 34, 0, 30, 0, 36, 0, 56, 0, 30, 0, 59, 0, 36, 0, 60, 0, 62, 0, 61, 0, 12, 0, 62, 0, 60, 0, 12, 0, 63, 0, 62, 0, 13, 0, 63, 0, 12, 0, 30, 0, 64, 0, 59, 0, 1, 0, 64, 0, 30, 0, 1, 0, 3, 0, 64, 0, 65, 0, 67, 0, 66, 0, 68, 0, 67, 0, 65, 0, 68, 0, 69, 0, 67, 0, 27, 0, 70, 0, 26, 0, 71, 0, 70, 0, 27, 0, 71, 0, 72, 0, 70, 0, 73, 0, 72, 0, 71, 0, 73, 0, 74, 0, 72, 0, 75, 0, 74, 0, 73, 0, 76, 0, 60, 0, 77, 0, 58, 0, 60, 0, 76, 0, 58, 0, 12, 0, 60, 0, 24, 0, 0, 0, 1, 0, 52, 0, 0, 0, 24, 0, 52, 0, 78, 0, 0, 0, 53, 0, 78, 0, 52, 0, 16, 0, 9, 0, 79, 0, 9, 0, 11, 0, 79, 0, 11, 0, 4, 0, 79, 0, 4, 0, 5, 0, 79, 0, 29, 0, 28, 0, 69, 0, 28, 0, 80, 0, 69, 0, 80, 0, 81, 0, 69, 0, 81, 0, 67, 0, 69, 0, 82, 0, 50, 0, 61, 0, 50, 0, 48, 0, 61, 0, 48, 0, 39, 0, 61, 0, 39, 0, 51, 0, 61, 0, 83, 0, 51, 0, 84, 0, 51, 0, 52, 0, 84, 0, 52, 0, 24, 0, 84, 0, 24, 0, 22, 0, 84, 0, 77, 0, 60, 0, 85, 0, 60, 0, 61, 0, 85, 0, 61, 0, 51, 0, 85, 0, 51, 0, 83, 0, 85, 0, 82, 0, 61, 0, 86, 0, 61, 0, 62, 0, 86, 0, 62, 0, 63, 0, 86, 0, 5, 0, 87, 0, 79, 0, 87, 0, 88, 0, 79, 0, 88, 0, 18, 0, 79, 0, 18, 0, 16, 0, 79, 0, 14, 0, 12, 0, 89, 0, 12, 0, 57, 0, 89, 0, 57, 0, 19, 0, 89, 0, 73, 0, 90, 0, 75, 0, 90, 0, 65, 0, 75, 0, 65, 0, 66, 0, 75, 0, 91, 0, 93, 0, 92, 0, 93, 0, 94, 0, 92, 0, 95, 0, 97, 0, 96, 0, 97, 0, 98, 0, 96, 0, 99, 0, 101, 0, 100, 0, 101, 0, 102, 0, 100, 0, 103, 0, 105, 0, 104, 0, 105, 0, 106, 0, 104, 0, 107, 0, 109, 0, 108, 0, 109, 0, 110, 0, 108, 0, 111, 0, 113, 0, 112, 0, 113, 0, 114, 0, 112, 0, 115, 0, 117, 0, 116, 0, 117, 0, 118, 0, 116, 0, 119, 0, 121, 0, 120, 0, 121, 0, 122, 0, 120, 0, 113, 0, 123, 0, 114, 0, 123, 0, 124, 0, 114, 0, 125, 0, 127, 0, 126, 0, 127, 0, 128, 0, 126, 0, 129, 0, 131, 0, 130, 0, 131, 0, 132, 0, 130, 0, 123, 0, 133, 0, 124, 0, 133, 0, 120, 0, 124, 0, 134, 0, 136, 0, 135, 0, 136, 0, 137, 0, 135, 0, 138, 0, 140, 0, 139, 0, 140, 0, 141, 0, 139, 0, 140, 0, 134, 0, 141, 0, 134, 0, 135, 0, 141, 0, 142, 0, 144, 0, 143, 0, 144, 0, 145, 0, 143, 0, 146, 0, 148, 0, 147, 0, 148, 0, 149, 0, 147, 0, 150, 0, 152, 0, 151, 0, 152, 0, 153, 0, 151, 0, 152, 0, 91, 0, 153, 0, 91, 0, 92, 0, 153, 0, 154, 0, 156, 0, 155, 0, 156, 0, 157, 0, 155, 0, 156, 0, 158, 0, 157, 0, 158, 0, 159, 0, 157, 0, 92, 0, 161, 0, 160, 0, 161, 0, 162, 0, 160, 0, 163, 0, 164, 0, 153, 0, 164, 0, 162, 0, 153, 0, 127, 0, 165, 0, 128, 0, 165, 0, 166, 0, 128, 0, 167, 0, 169, 0, 168, 0, 169, 0, 170, 0, 168, 0, 171, 0, 173, 0, 172, 0, 173, 0, 174, 0, 172, 0, 175, 0, 177, 0, 176, 0, 177, 0, 178, 0, 176, 0, 136, 0, 179, 0, 137, 0, 179, 0, 180, 0, 137, 0, 181, 0, 183, 0, 182, 0, 183, 0, 184, 0, 182, 0, 185, 0, 187, 0, 186, 0, 187, 0, 188, 0, 186, 0, 189, 0, 185, 0, 186, 0, 190, 0, 185, 0, 189, 0, 190, 0, 187, 0, 185, 0, 191, 0, 187, 0, 190, 0, 192, 0, 155, 0, 132, 0, 166, 0, 155, 0, 192, 0, 166, 0, 154, 0, 155, 0, 165, 0, 154, 0, 166, 0, 165, 0, 156, 0, 154, 0, 158, 0, 156, 0, 165, 0, 193, 0, 107, 0, 108, 0, 194, 0, 107, 0, 193, 0, 194, 0, 109, 0, 107, 0, 195, 0, 109, 0, 194, 0, 196, 0, 194, 0, 193, 0, 197, 0, 194, 0, 196, 0, 197, 0, 133, 0, 194, 0, 196, 0, 133, 0, 197, 0, 196, 0, 120, 0, 133, 0, 170, 0, 150, 0, 151, 0, 169, 0, 150, 0, 170, 0, 169, 0, 152, 0, 150, 0, 91, 0, 152, 0, 169, 0, 92, 0, 163, 0, 153, 0, 160, 0, 163, 0, 92, 0, 160, 0, 164, 0, 163, 0, 162, 0, 164, 0, 160, 0, 198, 0, 148, 0, 146, 0, 199, 0, 148, 0, 198, 0, 199, 0, 200, 0, 148, 0, 184, 0, 119, 0, 120, 0, 183, 0, 119, 0, 184, 0, 183, 0, 121, 0, 119, 0, 181, 0, 121, 0, 183, 0, 201, 0, 175, 0, 176, 0, 202, 0, 175, 0, 201, 0, 202, 0, 177, 0, 175, 0, 203, 0, 177, 0, 202, 0, 204, 0, 171, 0, 172, 0, 205, 0, 171, 0, 204, 0, 205, 0, 173, 0, 171, 0, 206, 0, 173, 0, 205, 0, 100, 0, 166, 0, 192, 0, 102, 0, 166, 0, 100, 0, 102, 0, 207, 0, 166, 0, 101, 0, 207, 0, 102, 0, 101, 0, 208, 0, 207, 0, 99, 0, 208, 0, 101, 0, 99, 0, 199, 0, 208, 0, 209, 0, 199, 0, 99, 0, 209, 0, 129, 0, 199, 0, 131, 0, 129, 0, 209, 0, 210, 0, 211, 0, 159, 0, 125, 0, 211, 0, 210, 0, 125, 0, 126, 0, 211, 0, 212, 0, 92, 0, 213, 0, 190, 0, 92, 0, 212, 0, 190, 0, 189, 0, 92, 0, 95, 0, 214, 0, 184, 0, 96, 0, 214, 0, 95, 0, 96, 0, 215, 0, 214, 0, 98, 0, 215, 0, 96, 0, 98, 0, 216, 0, 215, 0, 97, 0, 216, 0, 98, 0, 97, 0, 196, 0, 216, 0, 95, 0, 196, 0, 97, 0, 95, 0, 184, 0, 196, 0, 142, 0, 218, 0, 217, 0, 143, 0, 218, 0, 142, 0, 143, 0, 219, 0, 218, 0, 145, 0, 219, 0, 143, 0, 145, 0, 220, 0, 219, 0, 144, 0, 220, 0, 145, 0, 144, 0, 221, 0, 220, 0, 142, 0, 221, 0, 144, 0, 142, 0, 217, 0, 221, 0, 222, 0, 224, 0, 223, 0, 205, 0, 224, 0, 222, 0, 205, 0, 204, 0, 224, 0, 225, 0, 115, 0, 116, 0, 226, 0, 115, 0, 225, 0, 226, 0, 227, 0, 115, 0, 228, 0, 230, 0, 229, 0, 231, 0, 230, 0, 228, 0, 231, 0, 232, 0, 230, 0, 233, 0, 232, 0, 231, 0, 233, 0, 234, 0, 232, 0, 235, 0, 234, 0, 233, 0, 235, 0, 236, 0, 234, 0, 237, 0, 236, 0, 235, 0, 238, 0, 237, 0, 239, 0, 240, 0, 237, 0, 238, 0, 240, 0, 236, 0, 237, 0, 198, 0, 208, 0, 199, 0, 146, 0, 208, 0, 198, 0, 146, 0, 241, 0, 208, 0, 147, 0, 241, 0, 146, 0, 147, 0, 242, 0, 241, 0, 149, 0, 242, 0, 147, 0, 149, 0, 106, 0, 242, 0, 243, 0, 245, 0, 244, 0, 202, 0, 245, 0, 243, 0, 202, 0, 201, 0, 245, 0, 94, 0, 167, 0, 168, 0, 93, 0, 167, 0, 94, 0, 93, 0, 169, 0, 167, 0, 91, 0, 169, 0, 93, 0, 105, 0, 227, 0, 226, 0, 103, 0, 227, 0, 105, 0, 103, 0, 115, 0, 227, 0, 104, 0, 115, 0, 103, 0, 104, 0, 117, 0, 115, 0, 246, 0, 117, 0, 104, 0, 246, 0, 118, 0, 117, 0, 246, 0, 104, 0, 200, 0, 104, 0, 106, 0, 200, 0, 106, 0, 149, 0, 200, 0, 149, 0, 148, 0, 200, 0, 159, 0, 158, 0, 210, 0, 158, 0, 165, 0, 210, 0, 165, 0, 127, 0, 210, 0, 127, 0, 125, 0, 210, 0, 190, 0, 212, 0, 191, 0, 212, 0, 213, 0, 191, 0, 213, 0, 188, 0, 191, 0, 188, 0, 187, 0, 191, 0, 202, 0, 243, 0, 203, 0, 243, 0, 244, 0, 203, 0, 244, 0, 178, 0, 203, 0, 178, 0, 177, 0, 203, 0, 205, 0, 222, 0, 206, 0, 222, 0, 223, 0, 206, 0, 223, 0, 174, 0, 206, 0, 174, 0, 173, 0, 206, 0, 209, 0, 99, 0, 131, 0, 99, 0, 100, 0, 131, 0, 100, 0, 192, 0, 131, 0, 192, 0, 132, 0, 131, 0, 133, 0, 123, 0, 194, 0, 123, 0, 113, 0, 194, 0, 113, 0, 111, 0, 194, 0, 111, 0, 195, 0, 194, 0, 111, 0, 112, 0, 195, 0, 112, 0, 247, 0, 195, 0, 247, 0, 110, 0, 195, 0, 110, 0, 109, 0, 195, 0, 136, 0, 134, 0, 179, 0, 134, 0, 140, 0, 179, 0, 140, 0, 138, 0, 179, 0, 138, 0, 180, 0, 179, 0, 239, 0, 237, 0, 228, 0, 237, 0, 235, 0, 228, 0, 235, 0, 233, 0, 228, 0, 233, 0, 231, 0, 228, 0, 229, 0, 238, 0, 248, 0, 238, 0, 239, 0, 248, 0, 239, 0, 228, 0, 248, 0, 228, 0, 229, 0, 248, 0, 122, 0, 121, 0, 249, 0, 121, 0, 181, 0, 249, 0, 181, 0, 182, 0, 249, 0 ),
"blend_shape_data": [  ],
"format": 2194711,
"index_count": 1002,
"material": ExtResource( 7 ),
"primitive": 4,
"skeleton_aabb": [  ],
"vertex_count": 250
}

[sub_resource type="Environment" id=1]

[sub_resource type="PlaneMesh" id=2]

[node name="GameView" type="Spatial"]
script = ExtResource( 1 )

[node name="Start" parent="." instance=ExtResource( 6 )]

[node name="Outside" type="Spatial" parent="."]
__meta__ = {
"_edit_lock_": true
}

[node name="Floor" type="MeshInstance" parent="Outside"]
transform = Transform( 1, 0, 0, 0, -4.37114e-08, -1, 0, 1, -4.37114e-08, 0, -2.35, 0 )
mesh = SubResource( 63 )
skeleton = NodePath("../..")

[node name="Floor2" type="MeshInstance" parent="Outside"]
transform = Transform( -0.877983, -0.478692, 2.09243e-08, 0, -4.37114e-08, -1, 0.478692, -0.877983, 3.83779e-08, 0, -2.35, -64.6883 )
mesh = SubResource( 63 )
skeleton = NodePath("../..")

[node name="Floor3" type="MeshInstance" parent="Outside"]
transform = Transform( 1, 0, 0, 0, -4.37114e-08, -1, 0, 1, -4.37114e-08, -152.639, -2.35, -307.509 )
mesh = SubResource( 63 )
skeleton = NodePath("../..")

[node name="Floor4" type="MeshInstance" parent="Outside"]
transform = Transform( 0.885807, -0.464054, 2.02844e-08, 0, -4.37114e-08, -1, 0.464054, 0.885807, -3.87199e-08, -134.044, -2.35, -412.827 )
mesh = SubResource( 63 )
skeleton = NodePath("../..")

[node name="Floor5" type="MeshInstance" parent="Outside"]
transform = Transform( 0.106073, -0.994358, 4.34648e-08, 0, -4.37114e-08, -1, 0.994358, 0.106073, -4.63661e-09, -71.3718, -2.35, -375.235 )
mesh = SubResource( 63 )
skeleton = NodePath("../..")

[node name="Floor6" type="MeshInstance" parent="Outside"]
transform = Transform( -0.367475, -0.930033, 4.0653e-08, 0, -4.37114e-08, -1, 0.930033, -0.367475, 1.60628e-08, 35.3241, -2.35, -367.915 )
mesh = SubResource( 63 )
skeleton = NodePath("../..")

[node name="Floor7" type="MeshInstance" parent="Outside"]
transform = Transform( 0.106073, -0.994358, 4.34648e-08, 0, -4.37114e-08, -1, 0.994358, 0.106073, -4.63661e-09, 45.4683, -2.35, -330.09 )
mesh = SubResource( 63 )
skeleton = NodePath("../..")

[node name="Floor8" type="MeshInstance" parent="Outside"]
transform = Transform( -0.367475, -0.930033, 4.0653e-08, 0, -4.37114e-08, -1, 0.930033, -0.367475, 1.60628e-08, 152.164, -2.35, -322.77 )
mesh = SubResource( 63 )
skeleton = NodePath("../..")

[node name="Floor9" type="MeshInstance" parent="Outside"]
transform = Transform( -0.401372, 0.915915, -4.00359e-08, 0, -4.37114e-08, -1, -0.915915, -0.401372, 1.75445e-08, 205.819, -2.35, -339.05 )
mesh = SubResource( 63 )
skeleton = NodePath("../..")

[node name="Floor10" type="MeshInstance" parent="Outside"]
transform = Transform( 0.0694951, 0.997582, -4.36057e-08, 0, -4.37114e-08, -1, -0.997582, 0.0694951, -3.03772e-09, 101.893, -2.35, -313.81 )
mesh = SubResource( 63 )
skeleton = NodePath("../..")

[node name="Floor11" type="MeshInstance" parent="Outside"]
transform = Transform( -0.401372, 0.915915, -4.00359e-08, 0, -4.37114e-08, -1, -0.915915, -0.401372, 1.75445e-08, 205.819, -2.35, -216.826 )
mesh = SubResource( 63 )
skeleton = NodePath("../..")

[node name="Floor12" type="MeshInstance" parent="Outside"]
transform = Transform( 0.0694951, 0.997582, -4.36057e-08, 0, -4.37114e-08, -1, -0.997582, 0.0694951, -3.03772e-09, 101.893, -2.35, -191.586 )
mesh = SubResource( 63 )
skeleton = NodePath("../..")

[node name="Floor13" type="MeshInstance" parent="Outside"]
transform = Transform( 0.814652, -0.579949, 2.53504e-08, 0, -4.37114e-08, -1, 0.579949, 0.814652, -3.56096e-08, -281.408, -2.35, -166.699 )
mesh = SubResource( 63 )
skeleton = NodePath("../..")

[node name="Floor14" type="MeshInstance" parent="Outside"]
transform = Transform( 0.452497, -0.891766, 3.89803e-08, 0, -4.37114e-08, -1, 0.891766, 0.452497, -1.97793e-08, -205.18, -2.35, -241.712 )
mesh = SubResource( 63 )
skeleton = NodePath("../..")

[node name="Floor21" type="MeshInstance" parent="Outside"]
transform = Transform( 0.885807, -0.464054, 2.02844e-08, 0, -4.37114e-08, -1, 0.464054, 0.885807, -3.87199e-08, -134.044, -2.35, -632.887 )
mesh = SubResource( 63 )
skeleton = NodePath("../..")

[node name="Floor22" type="MeshInstance" parent="Outside"]
transform = Transform( -0.367475, -0.930033, 4.0653e-08, 0, -4.37114e-08, -1, 0.930033, -0.367475, 1.60628e-08, 35.3241, -2.35, -587.975 )
mesh = SubResource( 63 )
skeleton = NodePath("../..")

[node name="Floor23" type="MeshInstance" parent="Outside"]
transform = Transform( -0.401372, 0.915915, -4.00359e-08, 0, -4.37114e-08, -1, -0.915915, -0.401372, 1.75445e-08, 205.819, -2.35, -559.11 )
mesh = SubResource( 63 )
skeleton = NodePath("../..")

[node name="Floor24" type="MeshInstance" parent="Outside"]
transform = Transform( 0.452497, -0.891766, 3.89803e-08, 0, -4.37114e-08, -1, 0.891766, 0.452497, -1.97793e-08, -205.18, -2.35, -461.772 )
mesh = SubResource( 63 )
skeleton = NodePath("../..")

[node name="Floor25" type="MeshInstance" parent="Outside"]
transform = Transform( 0.885807, -0.464054, 2.02844e-08, 0, -4.37114e-08, -1, 0.464054, 0.885807, -3.87199e-08, -219.83, -2.35, -632.887 )
mesh = SubResource( 63 )
skeleton = NodePath("../..")

[node name="Floor26" type="MeshInstance" parent="Outside"]
transform = Transform( -0.367475, -0.930033, 4.0653e-08, 0, -4.37114e-08, -1, 0.930033, -0.367475, 1.60628e-08, -50.4615, -2.35, -587.975 )
mesh = SubResource( 63 )
skeleton = NodePath("../..")

[node name="Floor27" type="MeshInstance" parent="Outside"]
transform = Transform( -0.401372, 0.915915, -4.00359e-08, 0, -4.37114e-08, -1, -0.915915, -0.401372, 1.75445e-08, 120.033, -2.35, -559.11 )
mesh = SubResource( 63 )
skeleton = NodePath("../..")

[node name="Floor28" type="MeshInstance" parent="Outside"]
transform = Transform( 0.452497, -0.891766, 3.89803e-08, 0, -4.37114e-08, -1, 0.891766, 0.452497, -1.97793e-08, -290.966, -2.35, -461.772 )
mesh = SubResource( 63 )
skeleton = NodePath("../..")

[node name="Floor29" type="MeshInstance" parent="Outside"]
transform = Transform( 0.885807, -0.464054, 2.02844e-08, 0, -4.37114e-08, -1, 0.464054, 0.885807, -3.87199e-08, 22.8396, -2.35, -632.887 )
mesh = SubResource( 63 )
skeleton = NodePath("../..")

[node name="Floor30" type="MeshInstance" parent="Outside"]
transform = Transform( -0.367475, -0.930033, 4.0653e-08, 0, -4.37114e-08, -1, 0.930033, -0.367475, 1.60628e-08, 192.208, -2.35, -587.975 )
mesh = SubResource( 63 )
skeleton = NodePath("../..")

[node name="Floor31" type="MeshInstance" parent="Outside"]
transform = Transform( -0.401372, 0.915915, -4.00359e-08, 0, -4.37114e-08, -1, -0.915915, -0.401372, 1.75445e-08, 362.703, -2.35, -559.11 )
mesh = SubResource( 63 )
skeleton = NodePath("../..")

[node name="Floor32" type="MeshInstance" parent="Outside"]
transform = Transform( 0.452497, -0.891766, 3.89803e-08, 0, -4.37114e-08, -1, 0.891766, 0.452497, -1.97793e-08, -48.2964, -2.35, -461.772 )
mesh = SubResource( 63 )
skeleton = NodePath("../..")

[node name="Floor33" type="MeshInstance" parent="Outside"]
transform = Transform( 0.885807, -0.464054, 2.02844e-08, 0, -4.37114e-08, -1, 0.464054, 0.885807, -3.87199e-08, -494.684, -2.35, -632.887 )
mesh = SubResource( 63 )
skeleton = NodePath("../..")

[node name="Floor34" type="MeshInstance" parent="Outside"]
transform = Transform( -0.367475, -0.930033, 4.0653e-08, 0, -4.37114e-08, -1, 0.930033, -0.367475, 1.60628e-08, -325.316, -2.35, -587.975 )
mesh = SubResource( 63 )
skeleton = NodePath("../..")

[node name="Floor35" type="MeshInstance" parent="Outside"]
transform = Transform( -0.401372, 0.915915, -4.00359e-08, 0, -4.37114e-08, -1, -0.915915, -0.401372, 1.75445e-08, -154.821, -2.35, -559.11 )
mesh = SubResource( 63 )
skeleton = NodePath("../..")

[node name="Floor36" type="MeshInstance" parent="Outside"]
transform = Transform( 0.452497, -0.891766, 3.89803e-08, 0, -4.37114e-08, -1, 0.891766, 0.452497, -1.97793e-08, -565.82, -2.35, -461.772 )
mesh = SubResource( 63 )
skeleton = NodePath("../..")

[node name="Floor37" type="MeshInstance" parent="Outside"]
transform = Transform( 0.885807, -0.464054, 2.02844e-08, 0, -4.37114e-08, -1, 0.464054, 0.885807, -3.87199e-08, -494.684, -2.35, -447.065 )
mesh = SubResource( 63 )
skeleton = NodePath("../..")

[node name="Floor38" type="MeshInstance" parent="Outside"]
transform = Transform( -0.367475, -0.930033, 4.0653e-08, 0, -4.37114e-08, -1, 0.930033, -0.367475, 1.60628e-08, -325.316, -2.35, -402.153 )
mesh = SubResource( 63 )
skeleton = NodePath("../..")

[node name="Floor39" type="MeshInstance" parent="Outside"]
transform = Transform( -0.401372, 0.915915, -4.00359e-08, 0, -4.37114e-08, -1, -0.915915, -0.401372, 1.75445e-08, -154.821, -2.35, -373.288 )
mesh = SubResource( 63 )
skeleton = NodePath("../..")

[node name="Floor40" type="MeshInstance" parent="Outside"]
transform = Transform( 0.452497, -0.891766, 3.89803e-08, 0, -4.37114e-08, -1, 0.891766, 0.452497, -1.97793e-08, -565.82, -2.35, -275.95 )
mesh = SubResource( 63 )
skeleton = NodePath("../..")

